"distant" "talkatv" "carelss" "hardwrk" "anxious" "agreebl" "tense" "kind" "opposng" "relaxed" "disorgn" "outgoin" "approvn" "shy" "discipl" "harsh" "persevr" "friendl" "worryin" "respnsi" "contrar" "sociabl" "lazy" "coopera" "quiet" "organiz" "criticl" "lax" "laidbck" "withdrw" "givinup" "easygon"
"1" 2 7 1 4 7 8 5 9 5 6 3 2 7 9 5 5 8 9 9 9 5 9 7 9 9 5 5 5 7 5 5 8
"2" 3 8 2 7 5 8 4 8 5 7 5 8 7 6 7 3 7 7 5 7 5 8 2 7 6 6 4 3 7 2 2 7
"3" 6 6 2 5 1 8 2 9 2 8 7 6 7 5 5 2 5 8 3 9 2 8 5 8 7 4 5 5 7 6 2 8
"4" 3 7 6 7 8 8 2 8 3 7 2 5 6 4 6 2 8 8 3 8 2 6 3 8 4 7 6 6 6 4 3 7
"5" 7 3 3 5 8 6 7 2 3 3 5 2 5 8 7 5 6 2 8 7 3 2 6 6 7 5 5 3 3 7 5 5
"6" 7 6 7 6 7 8 7 8 5 5 6 5 6 8 5 3 6 7 7 7 5 4 5 7 8 6 6 4 4 6 4 7
"7" 3 6 8 6 6 7 3 5 3 7 7 8 7 5 7 2 4 8 6 2 2 9 6 6 4 4 6 9 9 2 3 8
"8" 7 6 2 9 7 8 6 7 2 4 4 6 5 4 8 6 8 6 5 8 5 7 4 8 6 6 4 3 2 5 6 6
"9" 2 6 2 8 2 7 4 7 4 8 3 8 7 3 6 4 8 8 2 8 3 8 3 8 5 7 7 3 6 3 1 7
"10" 4 7 3 6 3 7 3 7 5 6 3 5 7 5 7 6 7 6 4 7 4 7 3 7 5 6 5 3 4 4 2 5
"11" 3 5 2 8 3 7 3 5 4 5 2 5 4 7 8 7 8 7 3 8 5 7 4 7 7 8 7 5 5 6 2 7
"12" 3 4 6 4 7 4 7 4 6 5 5 3 4 7 4 6 4 4 7 5 6 4 5 4 7 5 5 5 5 7 7 4
"13" 2 5 4 7 8 8 7 8 3 4 3 5 6 6 7 2 7 7 8 6 2 6 5 8 8 6 3 3 3 5 4 4
"14" 7 3 2 8 5 8 3 7 4 7 5 3 5 6 8 2 7 8 7 8 3 5 3 6 7 4 5 3 7 6 3 7
"15" 7 3 5 6 6 7 6 6 3 5 3 4 6 6 5 3 7 6 6 7 4 4 5 6 5 6 4 5 6 6 4 6
"16" 6 3 2 8 4 6 5 8 3 6 1 6 5 7 8 2 8 7 6 8 3 7 1 7 7 8 5 1 6 5 1 6
"17" 4 5 4 8 7 6 7 7 4 4 2 6 5 5 6 1 9 8 9 9 3 5 5 9 5 9 9 7 3 5 1 6
"18" 6 5 2 9 6 5 6 6 4 4 1 6 7 5 9 3 9 7 8 9 6 6 3 5 5 9 6 1 5 6 2 6
"19" 2 7 2 7 3 6 6 7 2 6 6 8 6 2 6 2 7 7 2 9 3 7 4 7 2 6 3 2 7 2 2 7
"20" 6 4 3 5 6 6 5 8 2 4 4 4 6 7 6 2 6 6 4 6 5 6 7 8 6 6 6 5 5 6 4 6
"21" 5 5 2 8 6 5 6 8 4 2 1 4 5 5 7 4 9 7 8 8 6 5 2 5 4 8 6 3 1 6 6 5
"22" 1 8 1 7 2 8 1 8 3 8 2 8 8 1 4 1 8 9 2 7 1 8 4 7 3 7 3 6 6 1 1 7
"23" 7 7 5 6 7 7 7 6 4 2 6 5 5 5 7 5 4 6 7 5 4 6 7 4 7 5 7 3 4 3 4 4
"24" 5 5 2 8 5 7 7 7 3 6 1 3 5 4 9 6 7 6 4 7 5 5 6 6 6 9 5 5 6 7 3 4
"25" 5 6 3 8 8 4 6 7 6 4 4 4 6 6 8 7 7 7 5 7 6 4 5 6 6 7 7 5 5 6 5 7
"26" 6 3 5 8 6 7 6 7 6 4 1 5 6 6 8 6 7 6 6 8 5 5 2 4 7 9 6 3 5 4 2 5
"27" 3 2 2 7 4 6 4 7 3 7 3 2 6 6 6 1 7 7 7 7 3 6 5 7 8 7 4 6 4 4 2 5
"28" 7 6 3 8 5 8 6 7 8 7 6 3 7 6 9 4 4 7 2 8 6 6 3 6 6 6 3 6 7 6 2 7
"29" 5 3 3 7 5 6 5 7 6 6 3 5 5 5 7 2 8 8 5 8 3 5 2 6 4 7 6 2 5 3 2 7
"30" 6 3 4 6 7 4 4 6 2 5 6 3 4 8 5 3 6 6 8 5 2 5 7 6 9 5 5 5 5 6 6 5
"31" 3 5 2 7 6 7 6 8 5 4 2 4 5 6 8 3 7 7 6 6 3 4 3 8 6 9 7 4 4 5 3 3
"32" 6 7 2 7 4 3 6 4 4 3 3 7 5 1 8 2 7 6 6 8 3 3 5 6 2 7 7 2 3 4 2 6
"33" 6 6 4 8 2 6 6 7 5 4 6 4 4 4 7 6 6 5 3 8 6 5 3 5 4 5 6 3 3 5 3 4
"34" 6 6 1 9 3 5 1 8 2 8 1 7 6 6 9 3 9 7 2 9 3 7 1 7 3 8 6 1 8 5 1 7
"35" 5 5 2 8 6 8 5 7 4 6 3 7 7 2 7 2 8 8 8 9 4 7 2 7 4 8 7 5 7 3 2 8
"36" 3 6 2 6 3 7 3 6 4 7 1 3 5 6 7 4 3 7 2 7 3 6 3 7 4 7 5 4 6 5 2 6
"37" 2 5 1 7 2 6 6 5 2 4 1 6 4 6 6 5 5 6 5 8 4 7 6 6 6 9 6 3 8 3 2 7
"38" 2 5 3 5 3 7 2 6 2 8 6 6 5 5 3 6 5 7 2 6 2 8 7 7 4 4 5 5 7 2 3 8
"39" 6 6 4 7 2 7 2 9 6 8 3 7 4 5 7 3 7 8 3 8 4 7 4 7 3 7 7 4 7 4 1 8
"40" 6 5 3 7 4 8 4 6 2 6 5 5 6 4 7 3 7 7 4 4 3 7 5 7 4 4 4 6 7 3 2 6
"41" 2 7 6 7 6 6 6 7 3 5 3 3 4 7 6 6 8 7 8 8 4 6 6 6 3 7 6 3 6 3 1 6
"42" 5 6 3 7 3 5 4 6 4 7 5 6 6 4 6 2 7 7 3 7 5 7 4 6 5 6 4 6 6 4 2 5
"43" 2 9 3 8 8 7 7 7 3 2 3 8 8 3 6 4 8 9 6 7 4 8 4 6 3 9 7 4 4 4 7 8
"44" 3 6 3 7 6 7 4 8 4 5 2 7 5 3 7 5 8 7 5 7 4 7 6 8 5 8 5 4 6 6 3 6
"45" 1 6 3 4 3 5 3 5 5 8 8 3 5 7 7 4 8 6 3 5 4 7 8 7 6 2 9 7 7 2 2 7
"46" 2 6 3 6 3 6 3 7 2 6 6 7 6 3 5 2 7 8 3 7 3 6 2 7 4 5 3 5 7 2 2 7
"47" 5 5 6 7 5 6 6 5 5 5 4 5 5 8 5 5 6 7 6 8 5 5 5 7 7 5 5 5 5 5 2 6
"48" 2 5 2 8 2 7 1 7 5 5 1 7 7 2 9 5 9 8 5 9 5 8 2 7 2 9 8 5 5 1 1 5
"49" 4 5 4 8 7 6 7 5 4 3 4 3 3 3 7 6 7 6 8 8 5 6 3 5 5 3 7 3 4 4 3 4
"50" 5 7 5 7 9 7 9 7 6 4 8 7 7 6 6 3 7 6 8 6 6 6 4 7 6 2 7 5 7 6 4 5
"51" 3 8 4 6 6 4 7 6 4 2 2 5 3 4 4 4 6 6 7 8 4 4 4 4 4 8 8 2 2 3 3 3
"52" 5 6 3 8 6 7 5 8 3 4 2 8 8 3 8 5 8 7 3 7 3 8 5 6 4 8 8 3 5 4 1 4
"53" 2 8 2 8 7 6 7 7 7 3 4 9 7 3 5 4 9 8 7 7 3 8 3 6 2 5 7 4 3 1 1 2
"54" 6 4 3 8 6 5 6 6 4 4 4 4 5 7 7 4 7 5 6 7 4 4 3 5 5 6 4 3 5 5 5 5
"55" 3 8 5 7 5 7 4 8 2 6 6 8 6 4 9 3 8 8 3 5 4 7 2 7 3 4 4 7 8 3 1 8
"56" 3 8 3 6 6 7 5 6 3 3 3 8 5 2 6 3 6 8 4 5 6 8 4 5 3 1 3 2 5 2 3 6
"57" 6 7 2 8 4 7 6 8 4 5 3 8 7 1 9 2 7 8 3 9 2 6 2 7 2 8 6 3 8 2 3 8
"58" 5 5 7 7 7 8 7 8 2 3 6 3 7 6 6 7 7 7 4 7 7 7 4 7 7 3 7 5 2 2 5 3
"59" 3 7 9 4 4 7 5 6 3 6 9 7 6 6 1 3 3 8 8 3 7 7 9 6 2 1 3 8 7 3 6 8
"60" 2 8 2 9 7 5 8 8 7 5 6 8 7 3 7 7 6 8 9 8 7 7 2 8 3 8 8 4 3 3 3 8
"61" 6 8 5 4 4 6 4 5 6 7 6 7 5 4 7 6 7 6 5 6 6 7 6 4 3 5 7 5 7 3 2 6
"62" 5 5 2 7 7 5 6 7 5 5 4 6 5 3 7 2 7 7 7 8 3 8 4 4 3 7 8 3 4 4 4 5
"63" 3 8 1 7 5 9 5 9 1 4 1 7 5 2 8 2 9 9 9 9 1 7 1 9 1 9 1 5 3 1 1 7
"64" 6 5 8 7 7 6 7 4 3 3 7 5 5 8 6 2 6 7 8 4 3 7 6 6 4 3 3 6 6 7 6 3
"65" 5 6 3 7 8 5 8 7 4 3 6 5 4 3 7 3 6 7 8 6 4 6 5 6 5 4 3 3 3 4 4 5
"66" 5 7 2 8 7 8 8 7 3 3 4 5 4 7 9 4 8 7 9 9 2 4 4 6 8 8 7 3 3 5 4 3
"67" 1 9 3 8 4 6 4 8 3 7 4 9 9 1 6 5 8 9 5 7 4 9 4 7 2 8 4 3 6 1 1 6
"68" 3 7 6 5 2 7 2 5 3 6 8 8 7 3 2 5 6 7 3 5 4 7 8 8 2 2 4 6 6 3 3 7
"69" 6 5 3 7 5 8 6 6 4 5 2 5 6 6 6 5 6 6 5 8 3 5 4 6 6 7 5 2 5 4 2 6
"70" 2 9 4 8 2 5 2 5 5 7 2 8 5 2 8 4 8 8 2 6 4 8 3 5 2 8 5 4 7 2 1 7
"71" 3 7 3 8 7 6 7 7 4 4 4 8 7 3 7 1 8 9 6 8 4 6 3 6 2 7 1 5 4 3 1 6
"72" 6 6 6 6 7 8 4 5 4 6 5 5 7 3 2 3 5 5 7 3 4 5 9 9 6 3 2 3 8 3 3 9
"73" 3 7 2 6 5 8 2 6 5 9 5 7 7 2 4 3 6 7 2 6 3 9 7 7 1 6 5 7 9 1 4 9
"74" 3 7 2 8 6 6 6 8 4 4 2 7 6 5 6 5 5 7 8 8 4 7 6 6 5 8 5 4 6 4 4 6
"75" 3 6 3 6 2 7 3 7 6 5 6 6 7 4 7 3 3 7 3 4 5 7 6 5 4 3 6 6 6 4 4 6
"76" 5 3 2 7 3 6 2 7 3 5 4 3 5 7 8 2 7 7 2 7 3 3 2 8 7 7 5 3 6 6 2 5
"77" 5 7 8 8 9 7 8 7 7 5 8 4 3 2 6 8 8 7 8 8 6 5 6 5 6 3 7 4 7 6 2 6
"78" 5 5 1 7 9 6 5 9 7 6 3 4 7 7 6 1 9 9 9 9 4 5 5 7 8 7 9 5 7 6 3 7
"79" 3 7 1 9 6 5 5 8 5 5 1 8 5 2 9 3 9 9 6 9 5 8 1 8 2 9 7 2 2 2 1 8
"80" 3 7 2 7 2 7 2 7 5 7 2 7 6 2 6 3 6 7 3 8 3 7 4 7 3 7 4 5 5 3 1 5
"81" 2 6 5 7 3 7 3 8 6 7 4 5 5 3 4 2 7 8 2 8 4 7 1 8 3 7 7 3 8 2 1 8
"82" 1 9 6 6 6 8 3 7 3 6 6 9 8 1 3 1 6 8 2 5 1 9 5 7 1 4 3 5 5 1 1 8
"83" 4 6 3 7 5 8 5 9 2 4 5 7 7 4 7 2 8 9 5 7 2 7 4 9 3 6 5 5 6 3 2 7
"84" 1 7 4 8 6 7 6 7 1 6 4 8 9 3 9 4 7 9 6 8 3 9 5 8 4 5 6 3 7 2 6 8
"85" 7 3 6 8 4 6 7 8 3 4 2 4 7 7 9 5 7 8 7 9 3 3 5 7 8 9 5 5 4 7 5 4
"86" 3 8 5 8 8 7 7 8 8 5 7 6 5 6 6 6 7 7 7 8 6 6 6 6 5 5 6 2 3 5 4 4
"87" 3 6 4 7 3 7 2 8 3 7 4 7 5 3 6 2 8 7 2 6 3 7 5 6 3 6 4 2 6 2 2 6
"88" 2 7 5 8 5 8 6 8 4 6 5 8 8 4 8 4 8 8 4 8 4 8 6 8 5 7 6 3 8 3 3 8
"89" 1 8 6 7 5 8 3 8 4 7 6 8 6 3 5 3 7 8 6 8 4 8 5 8 5 5 6 2 7 2 2 7
"90" 1 7 6 5 6 8 2 8 4 7 6 8 6 6 4 3 5 9 7 7 4 9 7 7 6 5 5 6 6 4 3 9
"91" 6 7 2 6 5 5 3 8 5 5 6 7 5 2 4 2 7 8 5 9 5 8 4 6 5 4 5 4 4 3 2 4
"92" 2 8 6 5 3 6 2 7 6 7 6 8 5 1 3 7 6 8 3 6 6 8 4 6 2 7 7 5 8 1 3 7
"93" 3 6 3 6 3 7 3 7 4 7 3 6 6 6 6 2 4 7 2 7 3 7 6 7 5 7 2 6 7 3 4 8
"94" 6 3 3 6 7 7 6 7 4 4 7 2 3 7 5 2 5 7 8 7 2 5 6 6 8 5 6 4 5 6 4 5
"95" 2 7 4 6 5 9 6 7 3 5 3 7 8 5 6 3 6 7 5 6 3 8 3 6 3 7 3 3 7 2 2 8
"96" 3 7 3 7 5 7 4 8 7 5 2 8 6 5 6 4 8 8 6 9 6 8 5 7 5 7 6 5 5 3 2 6
"97" 7 4 3 6 6 5 4 6 7 4 6 3 3 7 6 7 6 6 6 6 7 4 5 5 6 4 7 3 5 6 5 4
"98" 2 7 1 9 1 7 1 8 5 5 1 9 9 2 9 4 9 7 2 9 5 8 1 9 3 9 7 1 4 5 1 6
"99" 5 5 5 6 3 8 1 9 5 6 6 7 5 5 4 6 9 9 3 6 4 7 5 8 5 5 7 4 7 5 1 6
"100" 5 8 3 8 4 8 5 7 4 7 9 8 7 3 8 4 9 9 7 9 4 8 2 8 4 2 5 6 3 2 1 6
"101" 2 7 4 7 7 6 5 5 4 6 3 8 5 2 7 3 7 7 6 7 5 8 6 6 3 6 6 2 6 3 2 6
"102" 7 7 2 6 5 7 6 8 2 5 4 8 8 6 5 3 7 8 7 8 3 8 6 8 5 6 7 4 3 2 4 7
"103" 1 8 4 9 5 7 4 8 4 6 2 9 6 4 8 3 9 9 5 7 3 8 2 7 3 8 4 5 3 2 1 4
"104" 2 8 4 9 6 6 5 7 5 4 6 8 7 1 8 3 7 9 6 8 4 8 3 6 2 7 7 3 3 1 2 7
"105" 1 8 5 5 9 7 7 7 5 7 6 7 7 4 6 5 7 7 6 6 5 7 7 7 4 6 8 6 6 2 1 9
"106" 3 3 2 6 8 8 7 7 3 3 2 6 8 6 6 2 5 7 9 8 4 6 2 7 6 7 6 5 3 3 1 7
"107" 7 4 3 7 7 7 7 7 3 5 2 3 7 7 7 5 8 7 8 8 2 4 4 7 7 7 5 3 5 6 2 5
"108" 3 7 3 7 7 6 4 6 3 6 3 8 6 3 5 6 7 8 3 6 3 8 7 6 4 3 4 3 5 4 3 7
"109" 3 5 1 7 6 6 5 5 3 5 3 5 4 6 7 2 7 6 7 7 3 7 3 6 5 6 6 4 5 6 3 3
"110" 4 5 5 8 8 8 9 8 6 3 4 7 5 3 7 5 7 8 8 8 3 8 3 7 3 6 6 2 3 5 5 5
"111" 5 7 7 7 4 6 2 7 5 6 2 8 6 3 7 7 7 7 3 8 3 7 2 6 2 8 6 2 6 4 2 6
"112" 3 6 2 4 2 9 4 9 1 7 5 7 7 4 4 1 5 9 3 7 1 8 4 9 4 5 3 7 7 2 1 9
"113" 5 5 3 8 7 6 7 6 6 3 6 6 6 5 6 7 6 6 6 7 5 6 5 6 5 6 6 6 5 5 4 5
"114" 3 6 5 7 4 8 2 7 1 8 6 5 4 4 4 2 4 8 4 8 2 7 5 8 4 4 2 5 2 3 4 8
"115" 6 4 2 6 2 8 2 7 3 8 2 4 7 5 7 2 6 6 6 8 3 4 5 8 6 8 3 2 4 6 3 8
"116" 1 7 1 8 7 8 5 9 2 5 1 8 6 3 7 3 8 9 6 9 1 7 2 9 3 7 3 2 2 1 1 2
"117" 5 5 2 9 6 8 7 8 3 5 4 6 6 8 7 2 8 8 7 9 4 6 2 7 8 5 7 3 5 6 2 5
"118" 2 5 1 7 1 1 5 5 2 1 1 6 2 8 2 2 7 8 8 5 4 6 6 3 5 8 4 4 5 3 8 5
"119" 3 7 4 6 4 6 2 6 2 7 3 7 5 4 7 2 8 7 5 6 3 8 4 6 5 6 2 4 5 2 1 4
"120" 3 7 5 8 6 7 6 9 3 5 6 7 8 3 5 6 7 7 6 5 3 8 4 7 4 6 5 2 7 6 4 6
"121" 5 4 5 5 6 8 4 8 4 6 6 7 7 5 4 2 5 7 4 6 5 6 5 7 6 5 4 4 6 5 4 7
"122" 6 4 7 9 6 7 5 5 3 8 5 4 6 6 9 5 7 7 6 8 6 4 7 6 6 5 6 6 6 7 2 6
"123" 5 4 2 7 2 7 2 6 5 8 3 4 5 4 5 3 7 7 2 8 4 5 3 5 6 6 5 3 8 5 2 7
"124" 7 2 7 2 8 4 8 5 7 2 8 2 3 8 1 8 2 5 8 1 6 2 9 5 7 1 7 8 2 7 7 3
"125" 6 3 4 7 6 7 3 7 3 6 3 5 6 3 7 2 6 6 7 7 3 5 6 8 8 6 5 6 5 6 6 6
"126" 2 4 3 5 3 7 4 6 3 5 6 4 7 4 6 5 6 7 4 7 2 6 2 8 6 4 4 2 5 3 2 5
"127" 6 5 4 6 5 5 5 6 5 5 6 4 5 5 7 5 7 5 5 7 5 5 5 5 5 4 6 5 5 5 3 5
"128" 6 6 4 5 6 6 7 9 4 5 5 5 8 9 7 4 9 9 7 6 4 5 6 6 7 5 4 4 4 6 2 6
"129" 7 4 3 6 6 8 3 7 2 9 7 4 5 6 4 6 6 7 3 6 3 4 3 7 2 4 6 6 9 7 5 7
"130" 2 7 2 7 3 7 3 7 3 8 6 7 6 3 6 2 7 8 3 8 3 8 3 7 2 6 5 5 7 2 2 8
"131" 4 3 2 8 7 8 6 8 4 7 3 5 5 6 5 4 6 7 7 8 5 7 5 6 7 7 6 4 7 3 3 7
"132" 5 3 2 3 6 2 4 7 2 4 3 4 3 7 7 2 7 5 7 7 3 6 2 6 5 7 3 2 4 5 1 6
"133" 2 7 4 9 5 7 3 7 2 6 3 7 5 3 9 2 8 8 7 7 2 7 2 8 3 8 6 2 5 1 1 6
"134" 4 5 2 8 6 8 5 9 2 6 2 4 6 7 8 1 6 8 6 9 2 6 5 7 7 8 3 5 6 5 3 6
"135" 1 8 5 7 4 6 4 6 6 8 5 7 6 2 6 7 5 7 3 7 4 9 2 7 2 7 6 4 6 4 3 7
"136" 3 8 1 8 5 7 5 8 6 3 1 8 8 1 6 3 7 9 4 9 6 9 1 7 2 9 8 3 7 1 1 7
"137" 2 6 2 8 2 6 5 7 5 5 2 7 3 1 7 5 7 7 2 7 5 6 1 7 2 8 8 2 5 1 1 5
"138" 6 6 7 7 5 5 3 6 3 6 6 4 5 6 6 6 7 6 4 6 5 4 5 5 6 6 6 6 6 6 4 6
"139" 4 8 3 7 4 6 3 6 4 6 2 7 6 4 6 5 5 7 3 7 4 8 2 7 2 8 6 3 6 4 3 6
"140" 5 8 3 8 7 8 5 9 3 5 1 8 6 3 8 4 7 8 4 9 4 7 2 7 5 7 5 3 3 3 2 5
"141" 6 4 2 4 6 6 4 8 6 6 6 4 6 8 4 2 7 6 6 4 3 4 6 6 8 4 4 5 6 6 2 6
"142" 7 5 6 5 5 6 6 6 6 6 6 7 7 5 5 4 7 6 5 6 6 6 6 7 7 5 7 4 4 7 4 6
"143" 3 7 4 8 6 4 6 6 4 2 6 7 7 3 6 4 7 7 6 8 4 7 2 6 2 8 6 2 3 3 2 4
"144" 4 5 5 9 7 7 7 8 2 5 5 3 7 7 9 4 7 7 7 9 3 2 2 8 5 6 7 7 7 4 1 8
"145" 2 7 1 8 2 5 7 7 7 6 5 8 5 2 9 5 8 7 9 8 6 7 5 6 2 5 6 5 6 2 1 8
"146" 1 5 4 9 9 4 7 8 2 7 8 9 6 2 7 6 8 9 9 8 3 7 5 5 2 6 6 5 7 3 1 2
"147" 6 7 6 8 7 8 7 5 4 5 6 6 3 5 6 6 9 6 6 7 5 5 5 7 4 4 6 3 4 5 5 5
"148" 2 8 5 8 7 8 5 7 2 4 7 7 7 3 8 2 7 9 8 7 2 9 3 8 2 3 2 2 5 1 1 6
"149" 3 7 4 7 4 6 3 7 4 6 4 7 5 3 8 4 6 6 4 7 3 7 3 7 3 7 4 5 4 2 2 4
"150" 3 5 1 8 3 6 2 7 3 6 4 7 7 4 8 3 8 7 2 9 3 7 3 8 4 8 5 3 4 4 2 4
"151" 7 6 2 8 7 4 6 6 5 3 1 7 4 2 6 6 9 8 7 8 6 8 1 6 5 8 7 5 6 2 3 8
"152" 5 6 1 7 5 9 3 9 3 9 1 9 9 2 7 3 9 9 2 9 3 8 3 8 5 9 9 9 9 2 1 9
"153" 5 4 7 7 4 3 6 4 4 4 6 5 7 7 5 4 7 7 4 7 6 5 4 7 5 3 4 2 4 6 3 6
"154" 4 5 2 8 9 7 8 8 2 3 2 5 5 6 6 2 8 8 8 8 2 4 3 7 7 8 5 2 3 6 3 4
"155" 1 6 1 9 2 5 2 8 4 8 2 6 5 2 5 1 9 8 3 9 2 6 2 7 2 6 6 2 4 1 1 4
"156" 5 6 5 3 6 8 5 7 7 6 7 6 7 3 7 6 7 7 7 8 6 7 7 7 4 5 7 4 4 5 5 8
"157" 7 7 8 7 5 6 3 6 8 7 4 6 4 5 3 7 7 8 7 5 7 6 9 8 7 5 8 7 9 7 4 8
"158" 3 7 2 7 6 8 7 6 3 5 1 8 7 3 7 3 6 9 7 7 5 8 5 7 3 9 4 5 6 3 2 7
"159" 2 6 3 6 5 7 5 7 2 5 6 6 5 5 5 3 6 7 6 7 3 7 6 7 6 5 3 5 5 3 5 5
"160" 2 7 4 7 3 7 3 8 2 5 7 6 8 5 8 3 8 8 2 7 5 7 6 7 5 4 2 7 6 3 4 6
"161" 5 8 3 5 7 5 7 7 6 6 5 8 5 5 4 6 5 8 7 7 6 8 7 5 1 6 7 4 4 2 5 6
"162" 6 5 4 3 3 7 3 7 3 7 6 4 5 6 6 3 6 6 3 7 4 5 6 6 7 4 5 6 7 6 2 7
"163" 3 8 5 6 5 7 4 6 5 7 6 8 6 3 5 4 6 6 5 6 4 7 4 6 2 7 5 5 6 3 4 6
"164" 4 6 4 7 3 6 2 7 3 5 5 6 7 6 6 2 6 7 3 7 3 7 2 7 6 7 3 3 6 3 2 7
"165" 4 9 3 7 3 5 2 5 6 2 6 7 5 3 6 5 6 6 6 6 5 7 7 6 4 3 6 6 7 4 1 8
"166" 1 9 3 9 3 9 1 8 5 9 7 9 9 3 7 3 8 8 5 9 1 7 3 9 3 8 2 9 9 3 1 9
"167" 1 6 2 6 4 8 3 7 3 4 1 7 6 4 5 3 6 9 7 8 4 8 5 7 3 9 6 3 1 3 2 5
"168" 5 5 2 8 7 6 7 6 4 4 2 6 5 6 8 5 6 6 8 8 4 6 4 6 6 8 7 2 4 6 3 4
"169" 2 3 2 5 4 7 5 6 3 6 1 5 7 6 5 1 5 6 3 6 2 5 4 7 5 6 4 4 4 3 2 4
"170" 4 4 3 7 2 7 2 7 4 7 6 5 5 7 6 3 6 7 3 8 4 5 3 6 7 5 5 3 5 2 2 7
"171" 3 7 2 8 6 9 6 9 1 8 2 6 8 4 9 3 9 9 1 8 7 4 2 7 6 8 7 5 9 2 2 6
"172" 3 4 1 9 5 6 4 7 3 4 1 6 7 3 9 3 9 7 4 9 2 6 1 7 4 9 4 1 6 4 1 6
"173" 3 6 4 5 3 6 2 3 5 7 8 7 6 2 6 4 6 7 3 8 6 6 4 8 2 3 3 5 7 3 3 7
"174" 2 6 6 7 4 7 2 7 2 5 8 6 4 4 3 1 7 7 3 5 1 6 3 6 3 5 4 3 5 1 1 6
"175" 1 3 1 7 4 7 2 9 1 5 3 3 9 7 7 1 7 9 3 8 1 6 1 8 5 8 1 2 3 1 1 6
"176" 4 9 5 6 3 5 3 6 2 8 6 8 6 2 2 5 7 8 3 7 6 8 7 6 3 6 3 5 6 2 2 5
"177" 6 3 5 6 6 6 6 4 5 4 5 3 5 7 5 5 6 4 6 6 5 3 5 5 7 5 6 5 5 6 5 5
"178" 6 4 5 6 6 7 6 8 5 7 8 7 7 5 4 2 8 9 7 7 3 7 4 8 6 4 2 4 6 5 2 8
"179" 6 4 2 7 3 4 1 5 5 9 4 6 5 3 7 4 6 6 3 6 4 5 4 6 3 6 4 8 8 3 2 8
"180" 6 6 2 8 6 5 6 5 5 4 1 4 5 7 7 6 7 5 7 9 5 4 2 5 5 7 6 3 4 6 2 4
"181" 3 5 1 8 7 8 4 8 2 8 1 9 7 2 6 2 7 8 5 9 2 7 2 8 4 9 2 7 8 3 2 8
"182" 3 6 2 6 6 9 7 9 6 6 3 5 7 3 3 3 6 7 6 8 3 6 7 7 5 6 6 3 5 2 2 8
"183" 3 8 3 7 5 7 5 7 3 6 3 9 4 1 4 2 6 9 3 7 2 9 5 7 2 5 3 6 7 2 2 6
"184" 4 9 1 9 4 6 5 8 1 2 1 9 7 1 9 3 9 9 8 9 5 9 1 9 1 9 6 4 1 2 1 9
"185" 3 6 1 8 6 7 4 9 3 7 2 6 6 3 7 3 9 9 5 8 3 8 4 8 4 8 3 5 5 2 1 6
"186" 2 7 2 7 6 9 3 8 2 4 2 7 8 4 8 2 8 8 6 9 4 8 1 8 4 8 6 5 3 2 3 4
"187" 6 4 3 7 5 6 4 7 3 7 4 5 7 4 6 5 7 6 5 8 3 6 2 6 4 6 5 4 6 4 4 7
"188" 5 7 5 6 7 6 6 6 8 4 5 7 5 3 3 5 6 7 6 7 7 7 7 6 3 5 6 5 3 5 5 6
"189" 3 8 6 8 8 7 7 7 5 3 6 7 6 3 7 3 9 7 7 7 4 7 5 6 3 4 6 4 4 3 1 4
"190" 3 3 1 8 6 8 6 8 2 4 4 4 6 8 7 2 7 7 6 8 2 7 4 8 6 3 4 3 4 6 3 6
"191" 3 7 2 8 7 7 7 7 6 5 2 7 7 5 7 4 7 8 7 8 5 6 3 7 4 7 7 3 5 3 2 6
"192" 3 5 3 7 6 7 6 8 6 6 3 7 7 4 6 3 8 8 4 8 3 7 5 8 6 7 3 6 6 4 4 8
"193" 5 3 3 8 6 8 5 7 4 4 4 5 5 7 7 4 7 7 6 9 4 4 5 7 7 8 4 5 5 6 3 5
"194" 3 4 2 7 5 8 4 8 2 7 1 5 6 5 7 3 8 8 4 9 3 5 5 7 6 8 7 2 6 3 2 6
"195" 7 2 3 4 8 7 5 7 3 5 6 3 4 8 6 2 5 6 4 7 4 3 7 7 9 5 4 5 6 7 5 6
"196" 6 4 6 5 7 3 8 3 7 2 6 5 4 5 5 6 6 6 8 4 5 7 4 4 6 3 8 5 1 7 3 2
"197" 3 7 2 8 5 7 5 6 6 4 2 6 8 6 8 6 7 7 3 8 5 8 4 8 3 9 6 3 3 2 1 3
"198" 2 9 4 6 6 7 5 7 4 5 6 7 6 4 5 3 6 7 6 7 4 8 5 6 3 6 5 5 5 3 3 5
"199" 2 7 1 8 6 5 4 9 4 5 1 8 6 4 7 2 7 9 6 9 1 7 1 8 3 9 7 1 2 3 1 7
"200" 5 3 6 8 5 8 4 7 4 6 6 5 5 5 6 3 6 6 4 7 4 7 3 7 5 6 5 2 7 4 2 8
"201" 2 5 6 8 3 6 3 6 3 7 4 5 4 7 8 3 7 7 7 7 2 7 6 7 4 4 7 4 4 5 1 5
"202" 5 4 4 7 9 5 7 7 7 4 4 3 3 8 4 6 6 6 8 6 6 5 6 4 7 6 7 3 3 6 6 5
"203" 6 6 5 4 7 6 7 8 6 5 7 7 6 7 7 4 5 7 8 9 5 8 8 5 5 6 6 4 4 1 1 3
"204" 3 4 2 5 3 5 4 6 5 7 4 5 3 6 3 2 3 6 6 8 4 5 4 7 6 7 7 3 4 5 5 7
"205" 6 4 7 7 4 8 5 7 3 7 7 2 6 8 5 6 6 7 7 7 5 6 8 4 5 4 7 5 6 6 6 6
"206" 3 5 3 6 6 6 3 8 5 6 6 7 6 3 5 1 6 8 7 7 5 7 4 7 4 3 4 4 7 2 2 7
"207" 4 7 2 7 6 8 4 8 2 5 2 8 6 3 8 3 9 8 4 8 2 7 2 7 3 9 2 4 6 4 1 7
"208" 3 4 6 8 7 8 6 7 3 4 6 3 3 4 7 6 8 8 6 8 4 5 5 8 4 7 6 5 3 4 2 2
"209" 6 5 2 8 4 6 3 7 3 6 2 6 6 3 9 4 8 7 3 8 3 7 1 6 6 9 6 5 4 3 2 6
"210" 5 8 5 3 6 9 1 5 5 6 8 8 6 5 4 4 6 7 3 7 1 4 3 4 5 1 3 3 8 6 4 7
"211" 4 5 3 7 3 6 3 6 4 7 2 4 6 8 9 6 9 5 3 8 3 5 2 6 6 8 6 4 6 5 2 7
"212" 3 6 6 5 6 4 6 5 4 2 8 6 5 7 3 4 6 7 7 7 5 6 6 4 5 2 5 6 3 5 3 5
"213" 4 6 7 9 4 7 5 7 3 8 7 6 6 5 6 1 8 7 6 8 3 7 5 7 6 4 2 3 5 4 2 7
"214" 6 5 3 6 4 6 4 7 3 8 4 4 5 5 2 2 5 5 4 8 2 7 7 7 5 6 5 5 7 5 3 7
"215" 5 4 4 8 7 7 6 8 5 4 4 4 6 8 9 3 6 7 7 8 7 6 6 7 8 7 7 6 6 6 6 6
"216" 1 7 1 8 4 8 5 8 4 6 1 7 6 6 8 3 6 7 6 9 1 7 3 9 6 9 3 1 3 1 2 8
"217" 6 3 1 7 7 8 3 9 1 6 1 4 7 6 6 2 6 8 6 9 2 5 4 7 9 9 6 3 3 6 3 8
"218" 2 8 2 8 3 7 5 7 4 6 1 8 6 2 7 2 7 7 6 9 2 7 3 7 2 9 7 2 5 1 3 6
"219" 2 8 2 8 4 7 2 8 2 3 3 9 8 2 5 2 7 9 2 9 3 8 2 8 2 7 2 4 5 2 1 7
"220" 4 6 2 8 6 8 7 8 3 5 2 6 7 6 8 2 9 7 8 8 4 7 2 8 7 9 3 2 3 2 1 8
"221" 3 4 1 5 4 8 2 8 3 9 2 5 5 5 6 3 4 8 2 7 3 5 7 8 5 6 4 5 5 2 3 7
"222" 1 7 3 9 4 7 2 7 3 4 3 8 6 2 8 2 7 8 1 7 2 8 1 7 3 4 5 3 4 2 1 7
"223" 3 7 4 6 4 6 5 7 4 8 4 7 6 6 7 3 7 8 2 5 4 7 5 7 4 6 5 4 5 3 2 5
"224" 7 4 1 7 3 3 2 6 3 4 1 2 4 1 9 5 7 4 1 9 4 2 1 5 1 9 6 1 3 5 1 3
"225" 2 7 3 6 3 7 6 8 2 7 5 7 7 7 7 1 8 8 4 7 2 7 5 7 5 6 2 3 6 1 1 7
"226" 4 6 5 7 6 9 5 8 5 6 7 9 6 3 7 6 8 9 5 7 2 9 3 8 2 6 4 6 7 2 2 6
"227" 3 7 7 4 2 8 2 8 1 9 8 6 6 5 3 5 2 7 3 3 2 7 7 7 4 2 3 8 8 6 8 9
"228" 3 8 2 7 4 7 2 8 3 7 5 7 7 6 5 3 7 5 5 8 4 6 4 7 5 6 6 4 7 4 3 7
"229" 2 4 1 7 5 8 5 8 3 5 2 6 5 5 5 1 7 8 8 8 1 8 5 8 4 8 3 1 5 2 2 5
"230" 2 9 5 8 2 6 2 9 3 3 5 7 7 3 7 3 9 9 3 8 3 6 4 7 2 7 5 3 3 2 1 7
"231" 2 7 1 9 5 5 3 6 3 5 1 9 5 5 5 2 6 8 6 8 3 9 5 6 4 9 6 3 3 1 1 3
"232" 2 6 3 7 3 4 2 8 3 6 3 4 7 5 7 5 5 7 2 7 2 7 7 6 5 7 5 7 8 2 1 8
"233" 5 5 6 6 3 7 2 5 2 8 7 6 5 7 7 2 6 7 2 6 1 6 3 8 5 3 2 7 8 3 5 8
"234" 2 4 1 7 5 9 6 8 1 5 2 7 8 5 7 1 7 9 6 9 1 8 3 9 4 8 2 3 3 1 2 3
"235" 2 4 2 7 7 7 4 7 4 7 2 7 7 2 7 4 4 7 5 8 4 8 2 4 6 8 5 3 6 4 2 5
"236" 3 6 3 7 5 6 4 7 3 7 3 6 6 5 6 3 8 8 5 8 4 6 4 7 4 7 5 5 6 6 3 7
"237" 2 8 3 7 2 7 2 7 2 8 5 7 7 5 7 2 4 7 3 6 2 7 4 6 4 7 2 4 7 3 2 7
"238" 4 9 3 9 7 7 5 7 5 5 3 9 7 1 9 3 5 9 3 7 5 9 3 5 2 7 3 3 7 2 1 6
"239" 3 8 4 9 7 6 5 6 3 5 3 7 5 5 9 2 8 7 7 8 3 6 1 6 5 7 5 2 5 3 2 7
"240" 8 6 7 7 9 9 9 6 8 4 7 5 3 4 7 6 6 7 9 8 8 2 6 8 8 3 9 3 1 7 3 3
